    1     1
    2     0
    3     1
    4     3
    5     1
    6     2
    7     0
    8     1
    9     1
   10     1
   11     0
   12     3
   13     3
   14     0
   15     3
   16     0
   17     2
   18     2
   19     2
   20     2
   21     0
   22     2
   23     0
   24     2
   25     1
   26     0
   27     1
   28     2
   29     2
   30     1
   31     0
   32     1
   33     1
   34     1
   35     1
   36     2
   37     1
   38     1
   39     2
   40     0
   41     2
   42     4
   43     4
   44     0
   45     2
   46     3
   47     1
   48     2
   49     1
   50     1
